  0.035727          0          0          0          0
  0.056561     -26702      26701     -26702      26701
  0.077394     -10353      25032     -10353      25032
  0.098228      -1385      -5660      -1385      -5660
  0.119061     -30242      -5515     -30242      -5515
  0.139895      -4526      26418      -4526      26418
  0.160728      -4526      24576      -4526      24576
  0.181562     -32949     -12399     -32949     -12399
  0.202395       2321     -12045       2321     -12045
  0.223229      -9813      27577      -9813      27577
  0.244062     -34336      25477     -34336      25477
  0.264896      10167     -21126      10167     -21126
  0.285729     -17860     -20445     -17860     -20445
  0.306563     -33728      31586     -33728      31586
  0.327397      19178      29058      19178      29058
  0.348230     -29918     -34155     -29918     -34155
  0.369064     -29918     -32890     -29918     -32890
  0.389897      83492      42546      83492      42546
  0.410731     -28565      42513     -28565      42513
  0.431564     -17034     -52883     -17034     -52883
  0.452398     106078     -50584     106078     -50584
  0.473231     -78865      85224     -78865      85224
  0.494065      19228      83153      19228      83153
  0.514898     144837    -141434     144837    -141434
  0.535732    -243141    -133990    -243141    -133990
  0.556565     321182     540998     321182     540998
  0.577399    2467381    2608781    2467381    2608781
  0.598233    2918430    3115884    2918430    3115884
  0.619066    2657047    2908158    2657047    2908158
  0.639900    2757543    2477918    2757543    2477918
  0.660733    2749825    2290518    2749825    2290518
  0.681567    2714507    2236627    2714507    2236627
  0.702400    2779903    2033297    2779903    2033297
  0.723234    2635956    1734604    2635956    1734604
  0.744067    2748013    1543168    2748013    1543168
  0.764901    2767019    1425904    2767019    1425904
  0.785734    2578512    1221540    2578512    1221540
  0.806568    2847868     956490    2847868     956490
  0.827401    2704587     768634    2704587     768634
  0.848235    2494350     632128    2494350     632128
  0.869068    3171737     417640    3171737     417640
  0.889902    2111862     158649    2111862     158649
  0.910736   -2156012      25477   -2156012      25477
  0.931569   -3159249     193716   -3159249     193716
  0.952403   -2545160     409240   -2545160     409240
  0.973236   -2742841     589630   -2742841     589630
  0.994070   -2833215     773116   -2833215     773116
  1.014903   -2638672     988390   -2638672     988390
  1.035737   -2798321    1194165   -2798321    1194165
  1.056570   -2674874    1370915   -2674874    1370915
  1.077404   -2691223    1560649   -2691223    1560649
  1.098237   -2796937    1777085   -2796937    1777085
  1.119071   -2608430    1982714   -2608430    1982714
  1.139904   -2828690    2188343   -2828690    2188343
  1.160738   -2738316    2373671   -2738316    2373671
  1.181572   -2512211    2558999   -2512211    2558999
  1.202405   -3161571    2774169   -3161571    2774169
  1.223239   -2146199    2989338   -2146199    2989338
  1.244072    2146198    3120410    2146198    3120410
  1.264906    3161570    2989338    3161570    2989338
  1.285739    2512210    2774169    2512210    2774169
  1.306573    2738315    2558999    2738315    2558999
  1.327406    2828689    2373671    2828689    2373671
  1.348240    2608429    2188343    2608429    2188343
  1.369073    2796936    1982714    2796936    1982714
  1.389907    2664521    1777085    2664521    1777085
  1.410740    2664521    1585682    2664521    1585682
  1.431574    2796936    1394279    2796936    1394279
  1.452408    2608429    1188650    2608429    1188650
  1.473241    2828689     983021    2828689     983021
  1.494075    2738315     797693    2738315     797693
  1.514908    2512210     612365    2512210     612365
  1.535742    3161570     397195    3161570     397195
  1.556575    2146198     182026    2146198     182026
  1.577409   -2146199      50954   -2146199      50954
  1.598242   -3161571     182026   -3161571     182026
  1.619076   -2512211     397195   -2512211     397195
  1.639909   -2738316     612365   -2738316     612365
  1.660743   -2828690     797693   -2828690     797693
  1.681576   -2608430     983021   -2608430     983021
  1.702410   -2796937    1188650   -2796937    1188650
  1.723243   -2664522    1394279   -2664522    1394279
  1.744077   -2664522    1585682   -2664522    1585682
  1.764911   -2796937    1777085   -2796937    1777085
  1.785744   -2608430    1982714   -2608430    1982714
  1.806578   -2828690    2188343   -2828690    2188343
  1.827411   -2738316    2373671   -2738316    2373671
  1.848245   -2512211    2558999   -2512211    2558999
  1.869078   -3161571    2774169   -3161571    2774169
  1.889912   -2146199    2989338   -2146199    2989338
  1.910745    2146198    3120410    2146198    3120410
  1.931579    3161570    2989338    3161570    2989338
  1.952412    2512210    2774169    2512210    2774169
  1.973246    2738315    2558999    2738315    2558999
  1.994079    2828689    2373671    2828689    2373671
  2.014913    2608429    2188343    2608429    2188343
  2.035747    2796936    1982714    2796936    1982714
  2.056580    2664521    1777085    2664521    1777085
  2.077414    2664521    1585682    2664521    1585682
  2.098247    2796936    1394279    2796936    1394279
  2.119081    2608429    1188650    2608429    1188650
  2.139914    2828689     983021    2828689     983021
  2.160748    2738315     797693    2738315     797693
  2.181581    2512210     612365    2512210     612365
  2.202415    3161570     397195    3161570     397195
  2.223248    2146198     182026    2146198     182026
  2.244082   -2146199      50954   -2146199      50954
  2.264915   -3161571     182026   -3161571     182026
  2.285749   -2512211     397195   -2512211     397195
  2.306582   -2738316     612365   -2738316     612365
  2.327416   -2828690     797693   -2828690     797693
  2.348250   -2608430     983021   -2608430     983021
  2.369083   -2796937    1188650   -2796937    1188650
  2.389917   -2664522    1394279   -2664522    1394279
  2.410750   -2664522    1585682   -2664522    1585682
  2.431584   -2796937    1777085   -2796937    1777085
  2.452417   -2608430    1982714   -2608430    1982714
  2.473251   -2828690    2188343   -2828690    2188343
  2.494084   -2738316    2373671   -2738316    2373671
  2.514918   -2512211    2558999   -2512211    2558999
  2.535751   -3161571    2774169   -3161571    2774169
  2.556585   -2146199    2989338   -2146199    2989338
  2.577418    2146198    3120410    2146198    3120410
  2.598252    3161570    2989338    3161570    2989338
  2.619086    2512210    2774169    2512210    2774169
  2.639919    2738315    2558999    2738315    2558999
  2.660753    2828689    2373671    2828689    2373671
  2.681586    2608429    2188343    2608429    2188343
  2.702420    2796936    1982714    2796936    1982714
  2.723253    2664521    1777085    2664521    1777085
  2.744087    2664521    1585682    2664521    1585682
  2.764920    2796936    1394279    2796936    1394279
  2.785754    2608429    1188650    2608429    1188650
  2.806587    2828689     983021    2828689     983021
  2.827421    2738315     797693    2738315     797693
  2.848254    2512210     612365    2512210     612365
  2.869088    3161570     397195    3161570     397195
  2.889921    2146198     182026    2146198     182026
  2.910755   -2146199      50954   -2146199      50954
  2.931589   -3161571     182026   -3161571     182026
  2.952422   -2512211     397195   -2512211     397195
  2.973256   -2738316     612365   -2738316     612365
  2.994089   -2828690     797693   -2828690     797693
  3.014923   -2608430     983021   -2608430     983021
  3.035756   -2796937    1188650   -2796937    1188650
  3.056590   -2664522    1394279   -2664522    1394279
  3.077423   -2664522    1585682   -2664522    1585682
  3.098257   -2796937    1777085   -2796937    1777085
  3.119090   -2608430    1982714   -2608430    1982714
  3.139924   -2828690    2188343   -2828690    2188343
  3.160757   -2738316    2373671   -2738316    2373671
  3.181591   -2512211    2558999   -2512211    2558999
  3.202425   -3161571    2774169   -3161571    2774169
  3.223258   -2146199    2989338   -2146199    2989338
  3.244092    2146198    3120410    2146198    3120410
  3.264925    3161570    2989338    3161570    2989338
  3.285759    2512210    2774169    2512210    2774169
  3.306592    2738315    2558999    2738315    2558999
  3.327426    2828689    2373671    2828689    2373671
  3.348259    2608429    2188343    2608429    2188343
  3.369093    2796936    1982714    2796936    1982714
  3.389926    2664521    1777085    2664521    1777085
  3.410760    2664521    1585682    2664521    1585682
  3.431593    2796936    1394279    2796936    1394279
  3.452427    2608429    1188650    2608429    1188650
  3.473260    2828689     983021    2828689     983021
  3.494094    2738315     797693    2738315     797693
  3.514928    2512210     612365    2512210     612365
  3.535761    3161570     397195    3161570     397195
  3.556595    2146198     182026    2146198     182026
  3.577428   -2146199      50954   -2146199      50954
  3.598262   -3161571     182026   -3161571     182026
  3.619095   -2512211     397195   -2512211     397195
  3.639929   -2738316     612365   -2738316     612365
  3.660762   -2828690     797693   -2828690     797693
  3.681596   -2608430     983021   -2608430     983021
  3.702429   -2796937    1188650   -2796937    1188650
  3.723263   -2664522    1394279   -2664522    1394279
  3.744096   -2664522    1585682   -2664522    1585682
  3.764930   -2796937    1777085   -2796937    1777085
  3.785764   -2608430    1982714   -2608430    1982714
  3.806597   -2828690    2188343   -2828690    2188343
  3.827431   -2738316    2373671   -2738316    2373671
  3.848264   -2512211    2558999   -2512211    2558999
  3.869098   -3161571    2774169   -3161571    2774169
  3.889931   -2146199    2989338   -2146199    2989338
  3.910765    2146198    3120410    2146198    3120410
  3.931598    3161570    2989338    3161570    2989338
  3.952432    2512210    2774169    2512210    2774169
  3.973265    2738315    2558999    2738315    2558999
  3.994099    2828689    2373671    2828689    2373671
  4.014932    2608429    2188343    2608429    2188343
  4.035766    2796936    1982714    2796936    1982714
  4.056600    2664521    1777085    2664521    1777085
  4.077433    2664521    1585682    2664521    1585682
  4.098267    2796936    1394279    2796936    1394279
  4.119100    2608429    1188650    2608429    1188650
  4.139934    2828689     983021    2828689     983021
  4.160767    2738315     797693    2738315     797693
  4.181601    2512210     612365    2512210     612365
  4.202434    3161570     397195    3161570     397195
  4.223268    2146198     182026    2146198     182026
  4.244101   -2146199      50954   -2146199      50954
  4.264935   -3161571     182026   -3161571     182026
  4.285768   -2512211     397195   -2512211     397195
  4.306602   -2738316     612365   -2738316     612365
  4.327435   -2828690     797693   -2828690     797693
  4.348269   -2608430     983021   -2608430     983021
  4.369103   -2796937    1188650   -2796937    1188650
  4.389936   -2664522    1394279   -2664522    1394279
  4.410770   -2664522    1585682   -2664522    1585682
  4.431603   -2796937    1777085   -2796937    1777085
  4.452437   -2608430    1982714   -2608430    1982714
  4.473270   -2828690    2188343   -2828690    2188343
  4.494104   -2738316    2373671   -2738316    2373671
  4.514937   -2512211    2558999   -2512211    2558999
  4.535771   -3161571    2774169   -3161571    2774169
  4.556604   -2146199    2989338   -2146199    2989338
  4.577438    2146198    3120410    2146198    3120410
  4.598271    3161570    2989338    3161570    2989338
  4.619105    2512210    2774169    2512210    2774169
  4.639939    2738315    2558999    2738315    2558999
  4.660772    2828689    2373671    2828689    2373671
  4.681606    2608429    2188343    2608429    2188343
  4.702439    2796936    1982714    2796936    1982714
  4.723273    2664521    1777085    2664521    1777085
  4.744106    2664521    1585682    2664521    1585682
  4.764940    2796936    1394279    2796936    1394279
  4.785773    2608429    1188650    2608429    1188650
  4.806607    2828689     983021    2828689     983021
  4.827440    2738315     797693    2738315     797693
  4.848274    2512210     612365    2512210     612365
  4.869107    3161570     397195    3161570     397195
  4.889941    2146198     182026    2146198     182026
  4.910774   -2146199      50954   -2146199      50954
  4.931608   -3161571     182026   -3161571     182026
  4.952442   -2512211     397195   -2512211     397195
  4.973275   -2738316     612365   -2738316     612365
  4.994109   -2828690     797693   -2828690     797693
  5.014942   -2608430     983021   -2608430     983021
  5.035776   -2796937    1188650   -2796937    1188650
  5.056609   -2664522    1394279   -2664522    1394279
  5.077443   -2664522    1585682   -2664522    1585682
  5.098276   -2796937    1777085   -2796937    1777085
  5.119110   -2608430    1982714   -2608430    1982714
  5.139943   -2828690    2188343   -2828690    2188343
  5.160777   -2738316    2373671   -2738316    2373671
  5.181610   -2512211    2558999   -2512211    2558999
  5.202444   -3161571    2774169   -3161571    2774169
  5.223278   -2146199    2989338   -2146199    2989338
  5.244111    2146198    3120410    2146198    3120410
  5.264945    3161570    2989338    3161570    2989338
  5.285778    2512210    2774169    2512210    2774169
  5.306612    2738315    2558999    2738315    2558999
  5.327445    2828689    2373671    2828689    2373671
  5.348279    2608429    2188343    2608429    2188343
  5.369112    2796936    1982714    2796936    1982714
  5.389946    2664521    1777085    2664521    1777085
  5.410779    2664521    1585682    2664521    1585682
  5.431613    2796936    1394279    2796936    1394279
  5.452446    2608429    1188650    2608429    1188650
  5.473280    2828689     983021    2828689     983021
  5.494113    2738315     797693    2738315     797693
  5.514947    2512210     612365    2512210     612365
  5.535781    3161570     397195    3161570     397195
  5.556614    2146198     182026    2146198     182026
  5.577448   -2146199      50954   -2146199      50954
  5.598281   -3161571     182026   -3161571     182026
  5.619115   -2512211     397195   -2512211     397195
  5.639948   -2738316     612365   -2738316     612365
  5.660782   -2828690     797693   -2828690     797693
  5.681615   -2608430     983021   -2608430     983021
  5.702449   -2796937    1188650   -2796937    1188650
  5.723282   -2664522    1394279   -2664522    1394279
  5.744116   -2664522    1585682   -2664522    1585682
  5.764949   -2796937    1777085   -2796937    1777085
  5.785783   -2608430    1982714   -2608430    1982714
  5.806617   -2828690    2188343   -2828690    2188343
  5.827450   -2738316    2373671   -2738316    2373671
  5.848284   -2512211    2558999   -2512211    2558999
  5.869117   -3161571    2774169   -3161571    2774169
  5.889951   -2146199    2989338   -2146199    2989338
  5.910784    2146198    3120410    2146198    3120410
  5.931618    3161570    2989338    3161570    2989338
  5.952451    2512210    2774169    2512210    2774169
  5.973285    2738315    2558999    2738315    2558999
  5.994118    2828689    2373671    2828689    2373671
  6.014952    2608429    2188343    2608429    2188343
  6.035785    2796936    1982714    2796936    1982714
  6.056619    2664521    1777085    2664521    1777085
  6.077452    2664521    1585682    2664521    1585682
  6.098286    2796936    1394279    2796936    1394279
  6.119120    2608429    1188650    2608429    1188650
  6.139953    2828689     983021    2828689     983021
  6.160787    2738315     797693    2738315     797693
  6.181620    2512210     612365    2512210     612365
  6.202454    3161570     397195    3161570     397195
  6.223287    2146198     182026    2146198     182026
  6.244121   -2146199      50954   -2146199      50954
  6.264954   -3161571     182026   -3161571     182026
  6.285788   -2512211     397195   -2512211     397195
  6.306621   -2738316     612365   -2738316     612365
  6.327455   -2828690     797693   -2828690     797693
  6.348288   -2608430     983021   -2608430     983021
  6.369122   -2796937    1188650   -2796937    1188650
  6.389956   -2664522    1394279   -2664522    1394279
  6.410789   -2664522    1585682   -2664522    1585682
  6.431623   -2796937    1777085   -2796937    1777085
  6.452456   -2608430    1982714   -2608430    1982714
  6.473290   -2828690    2188343   -2828690    2188343
  6.494123   -2738316    2373671   -2738316    2373671
  6.514957   -2512211    2558999   -2512211    2558999
  6.535790   -3161571    2774169   -3161571    2774169
  6.556624   -2146199    2989338   -2146199    2989338
  6.577457    2146198    3120410    2146198    3120410
  6.598291    3161570    2989338    3161570    2989338
  6.619124    2512210    2774169    2512210    2774169
  6.639958    2738315    2558999    2738315    2558999
  6.660792    2828689    2373671    2828689    2373671
  6.681625    2608429    2188343    2608429    2188343
  6.702459    2796936    1982714    2796936    1982714
  6.723292    2664521    1777085    2664521    1777085
  6.744126    2664521    1585682    2664521    1585682
  6.764959    2796936    1394279    2796936    1394279
  6.785793    2608429    1188650    2608429    1188650
  6.806626    2828689     983021    2828689     983021
  6.827460    2738315     797693    2738315     797693
  6.848293    2512210     612365    2512210     612365
  6.869127    3161570     397195    3161570     397195
  6.889960    2146198     182026    2146198     182026
  6.910794   -2146199      50954   -2146199      50954
  6.931627   -3161571     182026   -3161571     182026
  6.952461   -2512211     397195   -2512211     397195
  6.973295   -2738316     612365   -2738316     612365
  6.994128   -2828690     797693   -2828690     797693
  7.014962   -2608430     983021   -2608430     983021
  7.035795   -2796937    1188650   -2796937    1188650
  7.056629   -2664522    1394279   -2664522    1394279
  7.077462   -2664522    1585682   -2664522    1585682
  7.098296   -2796937    1777085   -2796937    1777085
  7.119129   -2608430    1982714   -2608430    1982714
  7.139963   -2828690    2188343   -2828690    2188343
  7.160796   -2738316    2373671   -2738316    2373671
  7.181630   -2512211    2558999   -2512211    2558999
  7.202463   -3161571    2774169   -3161571    2774169
  7.223297   -2146199    2989338   -2146199    2989338
  7.244131    2146198    3120410    2146198    3120410
  7.264964    3161570    2989338    3161570    2989338
  7.285798    2512210    2774169    2512210    2774169
  7.306631    2738315    2558999    2738315    2558999
  7.327465    2828689    2373671    2828689    2373671
  7.348298    2608429    2188343    2608429    2188343
  7.369132    2796936    1982714    2796936    1982714
  7.389965    2664521    1777085    2664521    1777085
  7.410799    2664521    1585682    2664521    1585682
  7.431632    2796936    1394279    2796936    1394279
  7.452466    2608429    1188650    2608429    1188650
  7.473299    2828689     983021    2828689     983021
  7.494133    2738315     797693    2738315     797693
  7.514966    2512210     612365    2512210     612365
  7.535800    3161570     397195    3161570     397195
  7.556634    2146198     182026    2146198     182026
  7.577467   -2146199      50954   -2146199      50954
  7.598301   -3161571     182026   -3161571     182026
  7.619134   -2512211     397195   -2512211     397195
  7.639968   -2738316     612365   -2738316     612365
  7.660801   -2828690     797693   -2828690     797693
  7.681635   -2608430     983021   -2608430     983021
  7.702468   -2796937    1188650   -2796937    1188650
  7.723302   -2664522    1394279   -2664522    1394279
  7.744135   -2664522    1585682   -2664522    1585682
  7.764969   -2796937    1777085   -2796937    1777085
  7.785802   -2608430    1982714   -2608430    1982714
  7.806636   -2828690    2188343   -2828690    2188343
  7.827470   -2738316    2373671   -2738316    2373671
  7.848303   -2512211    2558999   -2512211    2558999
  7.869137   -3161571    2774169   -3161571    2774169
  7.889970   -2146199    2989338   -2146199    2989338
  7.910804    2146198    3120410    2146198    3120410
  7.931637    3161570    2989338    3161570    2989338
  7.952471    2512210    2774169    2512210    2774169
  7.973304    2738315    2558999    2738315    2558999
  7.994138    2828689    2373671    2828689    2373671
  8.014971    2608429    2188343    2608429    2188343
  8.035805    2796936    1982714    2796936    1982714
  8.056638    2664521    1777085    2664521    1777085
  8.077472    2664521    1585682    2664521    1585682
  8.098305    2796936    1394279    2796936    1394279
  8.119139    2608429    1188650    2608429    1188650
  8.139973    2828689     983021    2828689     983021
  8.160806    2738315     797693    2738315     797693
  8.181640    2512210     612365    2512210     612365
  8.202473    3161570     397195    3161570     397195
  8.223307    2146198     182026    2146198     182026
  8.244140   -2146199      50954   -2146199      50954
  8.264974   -3161571     182026   -3161571     182026
  8.285807   -2512211     397195   -2512211     397195
  8.306641   -2738316     612365   -2738316     612365
  8.327474   -2828690     797693   -2828690     797693
  8.348308   -2608430     983021   -2608430     983021
  8.369141   -2796937    1188650   -2796937    1188650
  8.389975   -2664522    1394279   -2664522    1394279
  8.410809   -2664522    1585682   -2664522    1585682
  8.431642   -2796937    1777085   -2796937    1777085
  8.452476   -2608430    1982714   -2608430    1982714
  8.473309   -2828690    2188343   -2828690    2188343
  8.494143   -2738316    2373671   -2738316    2373671
  8.514976   -2512211    2558999   -2512211    2558999
  8.535810   -3161571    2774169   -3161571    2774169
  8.556643   -2146199    2989338   -2146199    2989338
  8.577477    2146198    3120410    2146198    3120410
  8.598310    3161570    2989338    3161570    2989338
  8.619144    2512210    2774169    2512210    2774169
  8.639977    2738315    2558999    2738315    2558999
  8.660811    2828689    2373671    2828689    2373671
  8.681644    2608429    2188343    2608429    2188343
  8.702478    2796936    1982714    2796936    1982714
  8.723312    2664521    1777085    2664521    1777085
  8.744145    2664521    1585682    2664521    1585682
  8.764979    2796936    1394279    2796936    1394279
  8.785812    2608429    1188650    2608429    1188650
  8.806646    2828689     983021    2828689     983021
  8.827479    2738315     797693    2738315     797693
  8.848313    2512210     612365    2512210     612365
  8.869146    3161570     397195    3161570     397195
  8.889980    2146198     182026    2146198     182026
  8.910813   -2146199      50954   -2146199      50954
  8.931647   -3161571     182026   -3161571     182026
  8.952480   -2512211     397195   -2512211     397195
  8.973314   -2738316     612365   -2738316     612365
  8.994148   -2828690     797693   -2828690     797693
  9.014981   -2608430     983021   -2608430     983021
  9.035815   -2796937    1188650   -2796937    1188650
  9.056648   -2664522    1394279   -2664522    1394279
  9.077482   -2664522    1585682   -2664522    1585682
  9.098315   -2796937    1777085   -2796937    1777085
  9.119149   -2608430    1982714   -2608430    1982714
  9.139982   -2828690    2188343   -2828690    2188343
  9.160816   -2738316    2373671   -2738316    2373671
  9.181649   -2512211    2558999   -2512211    2558999
  9.202483   -3161571    2774169   -3161571    2774169
  9.223316   -2146199    2989338   -2146199    2989338
  9.244150    2146198    3120410    2146198    3120410
  9.264984    3161570    2989338    3161570    2989338
  9.285817    2512210    2774169    2512210    2774169
  9.306651    2738315    2558999    2738315    2558999
  9.327484    2828689    2373671    2828689    2373671
  9.348318    2608429    2188343    2608429    2188343
  9.369151    2796936    1982714    2796936    1982714
  9.389985    2664521    1777085    2664521    1777085
  9.410818    2664521    1585682    2664521    1585682
  9.431652    2796936    1394279    2796936    1394279
  9.452485    2608429    1188650    2608429    1188650
  9.473319    2828689     983021    2828689     983021
  9.494152    2738315     797693    2738315     797693
  9.514986    2512210     612365    2512210     612365
  9.535819    3161570     397195    3161570     397195
  9.556653    2146198     182026    2146198     182026
  9.577487   -2146199      50954   -2146199      50954
  9.598320   -3161571     182026   -3161571     182026
  9.619154   -2512211     397195   -2512211     397195
  9.639987   -2738316     612365   -2738316     612365
  9.660821   -2828690     797693   -2828690     797693
  9.681654   -2608430     983021   -2608430     983021
  9.702488   -2796937    1188650   -2796937    1188650
  9.723321   -2664522    1394279   -2664522    1394279
  9.744155   -2664522    1585682   -2664522    1585682
  9.764988   -2796937    1777085   -2796937    1777085
  9.785822   -2608430    1982714   -2608430    1982714
  9.806655   -2828690    2188343   -2828690    2188343
  9.827489   -2738316    2373671   -2738316    2373671
  9.848323   -2512211    2558999   -2512211    2558999
  9.869156   -3161571    2774169   -3161571    2774169
  9.889990   -2146199    2989338   -2146199    2989338
  9.910823    2146198    3120410    2146198    3120410
  9.931657    3161570    2989338    3161570    2989338
  9.952490    2512210    2774169    2512210    2774169
  9.973324    2738315    2558999    2738315    2558999
  9.994157    2828689    2373671    2828689    2373671
 10.014991    2608429    2188343    2608429    2188343
 10.035824    2796936    1982714    2796936    1982714
 10.056658    2664521    1777085    2664521    1777085
 10.077491    2664521    1585682    2664521    1585682
 10.098325    2796936    1394279    2796936    1394279
 10.119158    2608429    1188650    2608429    1188650
 10.139992    2828689     983021    2828689     983021
 10.160826    2738315     797693    2738315     797693
 10.181659    2512210     612365    2512210     612365
 10.202493    3161570     397195    3161570     397195
 10.223326    2146198     182026    2146198     182026
 10.244160   -2146199      50954   -2146199      50954
 10.264993   -3161571     182026   -3161571     182026
 10.285827   -2512211     397195   -2512211     397195
 10.306660   -2738316     612365   -2738316     612365
 10.327494   -2828690     797693   -2828690     797693
 10.348327   -2608430     983021   -2608430     983021
 10.412293          0          0          0          0
 10.433126   -4194304    2097152   -4194304    2097152
 10.453960   -4194304    2359296   -4194304    2359296
 10.474793   -4194304    2621440   -4194304    2621440
 10.495627   -4194304    2883584   -4194304    2883584
 10.516461   -4194304    3145728   -4194304    3145728
 10.537294   -4194304    3407872   -4194304    3407872
 10.558128   -4194304    3670016   -4194304    3670016
 10.578961   -4194304    3932160   -4194304    3932160
 10.599795    4194304    4194304    4194304    4194304
 10.620628    4194304    3932160    4194304    3932160
 10.641462    4194304    3670016    4194304    3670016
 10.662295    4194304    3407872    4194304    3407872
 10.683129    4194304    3145728    4194304    3145728
 10.703962    4194304    2883584    4194304    2883584
 10.724796    4194304    2621440    4194304    2621440
 10.745629    4194304    2359296    4194304    2359296
 10.766463    4194304    2097152    4194304    2097152
 10.787296    4194304    1835008    4194304    1835008
 10.808130    4194304    1572864    4194304    1572864
 10.828964    4194304    1310720    4194304    1310720
 10.849797    4194304    1048576    4194304    1048576
 10.870631    4194304     786432    4194304     786432
 10.891464    4194304     524288    4194304     524288
 10.912298    4194304     262144    4194304     262144
 10.933131   -4194304          0   -4194304          0
 10.953965   -4194304     262144   -4194304     262144
 10.974798   -4194304     524288   -4194304     524288
 10.995632   -4194304     786432   -4194304     786432
 11.016465   -4194304    1048576   -4194304    1048576
 11.037299   -4194304    1310720   -4194304    1310720
 11.058132   -4194304    1572864   -4194304    1572864
 11.078966   -4194304    1835008   -4194304    1835008
 11.099800   -4194304    2097152   -4194304    2097152
 11.120633   -4194304    2359296   -4194304    2359296
 11.141467   -4194304    2621440   -4194304    2621440
 11.162300   -4194304    2883584   -4194304    2883584
 11.183134   -4194304    3145728   -4194304    3145728
 11.203967   -4194304    3407872   -4194304    3407872
 11.224801   -4194304    3670016   -4194304    3670016
 11.245634   -4194304    3932160   -4194304    3932160
 11.266468    4194304    4194304    4194304    4194304
 11.287301    4194304    3932160    4194304    3932160
 11.308135    4194304    3670016    4194304    3670016
 11.328968    4194304    3407872    4194304    3407872
 11.349802    4194304    3145728    4194304    3145728
 11.370636    4194304    2883584    4194304    2883584
 11.391469    4194304    2621440    4194304    2621440
 11.412303    4194304    2359296    4194304    2359296
 11.433136    4194304    2097152    4194304    2097152
 11.453970    4194304    1835008    4194304    1835008
 11.474803    4194304    1572864    4194304    1572864
 11.495637    4194304    1310720    4194304    1310720
 11.516470    4194304    1048576    4194304    1048576
 11.537304    4194304     786432    4194304     786432
 11.558137    4194304     524288    4194304     524288
 11.578971    4194304     262144    4194304     262144
 11.599804   -4194304          0   -4194304          0
 11.620638   -4194304     262144   -4194304     262144
 11.641471   -4194304     524288   -4194304     524288
 11.662305   -4194304     786432   -4194304     786432
 11.683139   -4194304    1048576   -4194304    1048576
 11.703972   -4194304    1310720   -4194304    1310720
 11.724806   -4194304    1572864   -4194304    1572864
 11.745639   -4194304    1835008   -4194304    1835008
 11.766473   -4194304    2097152   -4194304    2097152
 11.787306   -4194304    2359296   -4194304    2359296
 11.808140   -4194304    2621440   -4194304    2621440
 11.828973   -4194304    2883584   -4194304    2883584
 11.849807   -4194304    3145728   -4194304    3145728
 11.870640   -4194304    3407872   -4194304    3407872
 11.891474   -4194304    3670016   -4194304    3670016
 11.912307   -4194304    3932160   -4194304    3932160
 11.933141    4194304    4194304    4194304    4194304
 11.953975    4194304    3932160    4194304    3932160
 11.974808    4194304    3670016    4194304    3670016
 11.995642    4194304    3407872    4194304    3407872
 12.016475    4194304    3145728    4194304    3145728
 12.037309    4194304    2883584    4194304    2883584
 12.058142    4194304    2621440    4194304    2621440
 12.078976    4194304    2359296    4194304    2359296
 12.099809    4194304    2097152    4194304    2097152
 12.120643    4194304    1835008    4194304    1835008
 12.141476    4194304    1572864    4194304    1572864
 12.162310    4194304    1310720    4194304    1310720
 12.183143    4194304    1048576    4194304    1048576
 12.203977    4194304     786432    4194304     786432
 12.224810    4194304     524288    4194304     524288
 12.245644    4194304     262144    4194304     262144
 12.266478   -4194304          0   -4194304          0
 12.287311   -4194304     262144   -4194304     262144
 12.308145   -4194304     524288   -4194304     524288
 12.328978   -4194304     786432   -4194304     786432
 12.349812   -4194304    1048576   -4194304    1048576
 12.370645   -4194304    1310720   -4194304    1310720
 12.391479   -4194304    1572864   -4194304    1572864
 12.412312   -4194304    1835008   -4194304    1835008
 12.433146   -4194304    2097152   -4194304    2097152
 12.453979   -4194304    2359296   -4194304    2359296
 12.474813   -4194304    2621440   -4194304    2621440
 12.495646   -4194304    2883584   -4194304    2883584
 12.516480   -4194304    3145728   -4194304    3145728
 12.537314   -4194304    3407872   -4194304    3407872
 12.558147   -4194304    3670016   -4194304    3670016
 12.578981   -4194304    3932160   -4194304    3932160
 12.599814    4194304    4194304    4194304    4194304
 12.620648    4194304    3932160    4194304    3932160
 12.641481    4194304    3670016    4194304    3670016
 12.662315    4194304    3407872    4194304    3407872
 12.683148    4194304    3145728    4194304    3145728
 12.703982    4194304    2883584    4194304    2883584
 12.724815    4194304    2621440    4194304    2621440
 12.745649    4194304    2359296    4194304    2359296
 12.766482    4194304    2097152    4194304    2097152
 12.787316    4194304    1835008    4194304    1835008
 12.808149    4194304    1572864    4194304    1572864
 12.828983    4194304    1310720    4194304    1310720
 12.849817    4194304    1048576    4194304    1048576
 12.870650    4194304     786432    4194304     786432
 12.891484    4194304     524288    4194304     524288
 12.912317    4194304     262144    4194304     262144
 12.933151   -4194304          0   -4194304          0
 12.953984   -4194304     262144   -4194304     262144
 12.974818   -4194304     524288   -4194304     524288
 12.995651   -4194304     786432   -4194304     786432
 13.016485   -4194304    1048576   -4194304    1048576
 13.037318   -4194304    1310720   -4194304    1310720
 13.058152   -4194304    1572864   -4194304    1572864
 13.078985   -4194304    1835008   -4194304    1835008
 13.099819   -4194304    2097152   -4194304    2097152
 13.120653   -4194304    2359296   -4194304    2359296
 13.141486   -4194304    2621440   -4194304    2621440
 13.162320   -4194304    2883584   -4194304    2883584
 13.183153   -4194304    3145728   -4194304    3145728
 13.203987   -4194304    3407872   -4194304    3407872
 13.224820   -4194304    3670016   -4194304    3670016
 13.245654   -4194304    3932160   -4194304    3932160
 13.266487    4194304    4194304    4194304    4194304
 13.287321    4194304    3932160    4194304    3932160
 13.308154    4194304    3670016    4194304    3670016
 13.328988    4194304    3407872    4194304    3407872
 13.349821    4194304    3145728    4194304    3145728
 13.370655    4194304    2883584    4194304    2883584
 13.391488    4194304    2621440    4194304    2621440
 13.412322    4194304    2359296    4194304    2359296
 13.433156    4194304    2097152    4194304    2097152
 13.453989    4194304    1835008    4194304    1835008
 13.474823    4194304    1572864    4194304    1572864
 13.495656    4194304    1310720    4194304    1310720
 13.516490    4194304    1048576    4194304    1048576
 13.537323    4194304     786432    4194304     786432
 13.558157    4194304     524288    4194304     524288
 13.578990    4194304     262144    4194304     262144
 13.599824   -4194304          0   -4194304          0
 13.620657   -4194304     262144   -4194304     262144
 13.641491   -4194304     524288   -4194304     524288
 13.662324   -4194304     786432   -4194304     786432
 13.683158   -4194304    1048576   -4194304    1048576
 13.703992   -4194304    1310720   -4194304    1310720
 13.724825   -4194304    1572864   -4194304    1572864
 13.745659   -4194304    1835008   -4194304    1835008
 13.766492   -4194304    2097152   -4194304    2097152
 13.787326   -4194304    2359296   -4194304    2359296
 13.808159   -4194304    2621440   -4194304    2621440
 13.828993   -4194304    2883584   -4194304    2883584
 13.849826   -4194304    3145728   -4194304    3145728
 13.870660   -4194304    3407872   -4194304    3407872
 13.891493   -4194304    3670016   -4194304    3670016
 13.912327   -4194304    3932160   -4194304    3932160
 13.933160    4194304    4194304    4194304    4194304
 13.953994    4194304    3932160    4194304    3932160
 13.974828    4194304    3670016    4194304    3670016
 13.995661    4194304    3407872    4194304    3407872
 14.016495    4194304    3145728    4194304    3145728
 14.037328    4194304    2883584    4194304    2883584
 14.058162    4194304    2621440    4194304    2621440
 14.078995    4194304    2359296    4194304    2359296
 14.099829    4194304    2097152    4194304    2097152
 14.120662    4194304    1835008    4194304    1835008
 14.141496    4194304    1572864    4194304    1572864
 14.162329    4194304    1310720    4194304    1310720
 14.183163    4194304    1048576    4194304    1048576
 14.203996    4194304     786432    4194304     786432
 14.224830    4194304     524288    4194304     524288
 14.245663    4194304     262144    4194304     262144
 14.266497   -4194304          0   -4194304          0
 14.287331   -4194304     262144   -4194304     262144
 14.308164   -4194304     524288   -4194304     524288
 14.328998   -4194304     786432   -4194304     786432
 14.349831   -4194304    1048576   -4194304    1048576
 14.370665   -4194304    1310720   -4194304    1310720
 14.391498   -4194304    1572864   -4194304    1572864
 14.412332   -4194304    1835008   -4194304    1835008
 14.433165   -4194304    2097152   -4194304    2097152
 14.453999   -4194304    2359296   -4194304    2359296
 14.474832   -4194304    2621440   -4194304    2621440
 14.495666   -4194304    2883584   -4194304    2883584
 14.516499   -4194304    3145728   -4194304    3145728
 14.537333   -4194304    3407872   -4194304    3407872
 14.558167   -4194304    3670016   -4194304    3670016
 14.579000   -4194304    3932160   -4194304    3932160
 14.599834    4194304    4194304    4194304    4194304
 14.620667    4194304    3932160    4194304    3932160
 14.641501    4194304    3670016    4194304    3670016
 14.662334    4194304    3407872    4194304    3407872
 14.683168    4194304    3145728    4194304    3145728
 14.704001    4194304    2883584    4194304    2883584
 14.724835    4194304    2621440    4194304    2621440
 14.745668    4194304    2359296    4194304    2359296
 14.766502    4194304    2097152    4194304    2097152
 14.787335    4194304    1835008    4194304    1835008
 14.808169    4194304    1572864    4194304    1572864
 14.829002    4194304    1310720    4194304    1310720
 14.849836    4194304    1048576    4194304    1048576
 14.870670    4194304     786432    4194304     786432
 14.891503    4194304     524288    4194304     524288
 14.912337    4194304     262144    4194304     262144
 14.933170   -4194304          0   -4194304          0
 14.954004   -4194304     262144   -4194304     262144
 14.974837   -4194304     524288   -4194304     524288
 14.995671   -4194304     786432   -4194304     786432
 15.016504   -4194304    1048576   -4194304    1048576
 15.037338   -4194304    1310720   -4194304    1310720
 15.058171   -4194304    1572864   -4194304    1572864
 15.079005   -4194304    1835008   -4194304    1835008
 15.099838   -4194304    2097152   -4194304    2097152
 15.120672   -4194304    2359296   -4194304    2359296
 15.141506   -4194304    2621440   -4194304    2621440
 15.162339   -4194304    2883584   -4194304    2883584
 15.183173   -4194304    3145728   -4194304    3145728
 15.204006   -4194304    3407872   -4194304    3407872
 15.224840   -4194304    3670016   -4194304    3670016
 15.245673   -4194304    3932160   -4194304    3932160
 15.266507    4194304    4194304    4194304    4194304
 15.287340    4194304    3932160    4194304    3932160
 15.308174    4194304    3670016    4194304    3670016
 15.329007    4194304    3407872    4194304    3407872
 15.349841    4194304    3145728    4194304    3145728
 15.370674    4194304    2883584    4194304    2883584
 15.391508    4194304    2621440    4194304    2621440
 15.412341    4194304    2359296    4194304    2359296
 15.433175    4194304    2097152    4194304    2097152
 15.454009    4194304    1835008    4194304    1835008
 15.474842    4194304    1572864    4194304    1572864
 15.495676    4194304    1310720    4194304    1310720
 15.516509    4194304    1048576    4194304    1048576
 15.537343    4194304     786432    4194304     786432
 15.558176    4194304     524288    4194304     524288
 15.579010    4194304     262144    4194304     262144
 15.599843   -4194304          0   -4194304          0
 15.620677   -4194304     262144   -4194304     262144
 15.641510   -4194304     524288   -4194304     524288
 15.662344   -4194304     786432   -4194304     786432
 15.683177   -4194304    1048576   -4194304    1048576
 15.704011   -4194304    1310720   -4194304    1310720
 15.724845   -4194304    1572864   -4194304    1572864
 15.745678   -4194304    1835008   -4194304    1835008
 15.766512   -4194304    2097152   -4194304    2097152
 15.787345   -4194304    2359296   -4194304    2359296
 15.808179   -4194304    2621440   -4194304    2621440
 15.829012   -4194304    2883584   -4194304    2883584
 15.849846   -4194304    3145728   -4194304    3145728
 15.870679   -4194304    3407872   -4194304    3407872
 15.891513   -4194304    3670016   -4194304    3670016
 15.912346   -4194304    3932160   -4194304    3932160
 15.933180    4194304    4194304    4194304    4194304
 15.954013    4194304    3932160    4194304    3932160
 15.974847    4194304    3670016    4194304    3670016
 15.995680    4194304    3407872    4194304    3407872
 16.016514    4194304    3145728    4194304    3145728
 16.037348    4194304    2883584    4194304    2883584
 16.058181    4194304    2621440    4194304    2621440
 16.079015    4194304    2359296    4194304    2359296
 16.099848    4194304    2097152    4194304    2097152
 16.120682    4194304    1835008    4194304    1835008
 16.141515    4194304    1572864    4194304    1572864
 16.162349    4194304    1310720    4194304    1310720
 16.183182    4194304    1048576    4194304    1048576
 16.204016    4194304     786432    4194304     786432
 16.224849    4194304     524288    4194304     524288
 16.245683    4194304     262144    4194304     262144
 16.266516   -4194304          0   -4194304          0
 16.287350   -4194304     262144   -4194304     262144
 16.308184   -4194304     524288   -4194304     524288
 16.329017   -4194304     786432   -4194304     786432
 16.349851   -4194304    1048576   -4194304    1048576
 16.370684   -4194304    1310720   -4194304    1310720
 16.391518   -4194304    1572864   -4194304    1572864
 16.412351   -4194304    1835008   -4194304    1835008
 16.433185   -4194304    2097152   -4194304    2097152
 16.454018   -4194304    2359296   -4194304    2359296
 16.474852   -4194304    2621440   -4194304    2621440
 16.495685   -4194304    2883584   -4194304    2883584
 16.516519   -4194304    3145728   -4194304    3145728
 16.537352   -4194304    3407872   -4194304    3407872
 16.558186   -4194304    3670016   -4194304    3670016
 16.579020   -4194304    3932160   -4194304    3932160
 16.599853    4194304    4194304    4194304    4194304
 16.620687    4194304    3932160    4194304    3932160
 16.641520    4194304    3670016    4194304    3670016
 16.662354    4194304    3407872    4194304    3407872
 16.683187    4194304    3145728    4194304    3145728
 16.704021    4194304    2883584    4194304    2883584
 16.724854    4194304    2621440    4194304    2621440
 16.745688    4194304    2359296    4194304    2359296
 16.766521    4194304    2097152    4194304    2097152
 16.787355    4194304    1835008    4194304    1835008
 16.808188    4194304    1572864    4194304    1572864
 16.829022    4194304    1310720    4194304    1310720
 16.849855    4194304    1048576    4194304    1048576
 16.870689    4194304     786432    4194304     786432
 16.891523    4194304     524288    4194304     524288
 16.912356    4194304     262144    4194304     262144
 16.933190   -4194304          0   -4194304          0
 16.954023   -4194304     262144   -4194304     262144
 16.974857   -4194304     524288   -4194304     524288
 16.995690   -4194304     786432   -4194304     786432
 17.016524   -4194304    1048576   -4194304    1048576
 17.037357   -4194304    1310720   -4194304    1310720
 17.058191   -4194304    1572864   -4194304    1572864
 17.079024   -4194304    1835008   -4194304    1835008
 17.099858   -4194304    2097152   -4194304    2097152
 17.120691   -4194304    2359296   -4194304    2359296
 17.141525   -4194304    2621440   -4194304    2621440
 17.162359   -4194304    2883584   -4194304    2883584
 17.183192   -4194304    3145728   -4194304    3145728
 17.204026   -4194304    3407872   -4194304    3407872
 17.224859   -4194304    3670016   -4194304    3670016
 17.245693   -4194304    3932160   -4194304    3932160
 17.266526    4194304    4194304    4194304    4194304
 17.287360    4194304    3932160    4194304    3932160
 17.308193    4194304    3670016    4194304    3670016
 17.329027    4194304    3407872    4194304    3407872
 17.349860    4194304    3145728    4194304    3145728
 17.370694    4194304    2883584    4194304    2883584
 17.391527    4194304    2621440    4194304    2621440
 17.412361    4194304    2359296    4194304    2359296
 17.433194    4194304    2097152    4194304    2097152
 17.454028    4194304    1835008    4194304    1835008
 17.474862    4194304    1572864    4194304    1572864
 17.495695    4194304    1310720    4194304    1310720
 17.516529    4194304    1048576    4194304    1048576
 17.537362    4194304     786432    4194304     786432
 17.558196    4194304     524288    4194304     524288
 17.579029    4194304     262144    4194304     262144
 17.599863   -4194304          0   -4194304          0
 17.620696   -4194304     262144   -4194304     262144
 17.641530   -4194304     524288   -4194304     524288
 17.662363   -4194304     786432   -4194304     786432
 17.683197   -4194304    1048576   -4194304    1048576
 17.704030   -4194304    1310720   -4194304    1310720
 17.724864   -4194304    1572864   -4194304    1572864
 17.745698   -4194304    1835008   -4194304    1835008
 17.766531   -4194304    2097152   -4194304    2097152
 17.787365   -4194304    2359296   -4194304    2359296
 17.808198   -4194304    2621440   -4194304    2621440
 17.829032   -4194304    2883584   -4194304    2883584
 17.849865   -4194304    3145728   -4194304    3145728
 17.870699   -4194304    3407872   -4194304    3407872
 17.891532   -4194304    3670016   -4194304    3670016
 17.912366   -4194304    3932160   -4194304    3932160
 17.933199    4194304    4194304    4194304    4194304
 17.954033    4194304    3932160    4194304    3932160
 17.974866    4194304    3670016    4194304    3670016
 17.995700    4194304    3407872    4194304    3407872
 18.016533    4194304    3145728    4194304    3145728
 18.037367    4194304    2883584    4194304    2883584
 18.058201    4194304    2621440    4194304    2621440
 18.079034    4194304    2359296    4194304    2359296
 18.099868    4194304    2097152    4194304    2097152
 18.120701    4194304    1835008    4194304    1835008
 18.141535    4194304    1572864    4194304    1572864
 18.162368    4194304    1310720    4194304    1310720
 18.183202    4194304    1048576    4194304    1048576
 18.204035    4194304     786432    4194304     786432
 18.224869    4194304     524288    4194304     524288
 18.245702    4194304     262144    4194304     262144
 18.266536   -4194304          0   -4194304          0
 18.287369   -4194304     262144   -4194304     262144
 18.308203   -4194304     524288   -4194304     524288
 18.329037   -4194304     786432   -4194304     786432
 18.349870   -4194304    1048576   -4194304    1048576
 18.370704   -4194304    1310720   -4194304    1310720
 18.391537   -4194304    1572864   -4194304    1572864
 18.412371   -4194304    1835008   -4194304    1835008
 18.433204   -4194304    2097152   -4194304    2097152
 18.454038   -4194304    2359296   -4194304    2359296
 18.474871   -4194304    2621440   -4194304    2621440
 18.495705   -4194304    2883584   -4194304    2883584
 18.516538   -4194304    3145728   -4194304    3145728
 18.537372   -4194304    3407872   -4194304    3407872
 18.558205   -4194304    3670016   -4194304    3670016
 18.579039   -4194304    3932160   -4194304    3932160
 18.599872    4194304    4194304    4194304    4194304
 18.620706    4194304    3932160    4194304    3932160
 18.641540    4194304    3670016    4194304    3670016
 18.662373    4194304    3407872    4194304    3407872
 18.683207    4194304    3145728    4194304    3145728
 18.704040    4194304    2883584    4194304    2883584
 18.724874    4194304    2621440    4194304    2621440
 18.745707    4194304    2359296    4194304    2359296
 18.766541    4194304    2097152    4194304    2097152
 18.787374    4194304    1835008    4194304    1835008
 18.808208    4194304    1572864    4194304    1572864
 18.829041    4194304    1310720    4194304    1310720
 18.849875    4194304    1048576    4194304    1048576
 18.870708    4194304     786432    4194304     786432
 18.891542    4194304     524288    4194304     524288
 18.912376    4194304     262144    4194304     262144
 18.933209   -4194304          0   -4194304          0
 18.954043   -4194304     262144   -4194304     262144
 18.974876   -4194304     524288   -4194304     524288
 18.995710   -4194304     786432   -4194304     786432
 19.016543   -4194304    1048576   -4194304    1048576
 19.037377   -4194304    1310720   -4194304    1310720
 19.058210   -4194304    1572864   -4194304    1572864
 19.079044   -4194304    1835008   -4194304    1835008
 19.099877   -4194304    2097152   -4194304    2097152
 19.120711   -4194304    2359296   -4194304    2359296
 19.141544   -4194304    2621440   -4194304    2621440
 19.162378   -4194304    2883584   -4194304    2883584
 19.183212   -4194304    3145728   -4194304    3145728
 19.204045   -4194304    3407872   -4194304    3407872
 19.224879   -4194304    3670016   -4194304    3670016
 19.245712   -4194304    3932160   -4194304    3932160
 19.266546    4194304    4194304    4194304    4194304
 19.287379    4194304    3932160    4194304    3932160
 19.308213    4194304    3670016    4194304    3670016
 19.329046    4194304    3407872    4194304    3407872
 19.349880    4194304    3145728    4194304    3145728
 19.370713    4194304    2883584    4194304    2883584
 19.391547    4194304    2621440    4194304    2621440
 19.412380    4194304    2359296    4194304    2359296
 19.433214    4194304    2097152    4194304    2097152
 19.454047    4194304    1835008    4194304    1835008
 19.474881    4194304    1572864    4194304    1572864
 19.495715    4194304    1310720    4194304    1310720
 19.516548    4194304    1048576    4194304    1048576
 19.537382    4194304     786432    4194304     786432
 19.558215    4194304     524288    4194304     524288
 19.579049    4194304     262144    4194304     262144
 19.599882   -4194304          0   -4194304          0
 19.620716   -4194304     262144   -4194304     262144
 19.641549   -4194304     524288   -4194304     524288
 19.662383   -4194304     786432   -4194304     786432
 19.683216   -4194304    1048576   -4194304    1048576
 19.704050   -4194304    1310720   -4194304    1310720
 19.724883   -4194304    1572864   -4194304    1572864
 19.745717   -4194304    1835008   -4194304    1835008
 19.766551   -4194304    2097152   -4194304    2097152
 19.787384   -4194304    2359296   -4194304    2359296
 19.808218   -4194304    2621440   -4194304    2621440
 19.829051   -4194304    2883584   -4194304    2883584
 19.849885   -4194304    3145728   -4194304    3145728
 19.870718   -4194304    3407872   -4194304    3407872
 19.891552   -4194304    3670016   -4194304    3670016
 19.912385   -4194304    3932160   -4194304    3932160
 19.933219    4194304    4194304    4194304    4194304
 19.954052    4194304    3932160    4194304    3932160
 19.974886    4194304    3670016    4194304    3670016
 19.995719    4194304    3407872    4194304    3407872
 20.016553    4194304    3145728    4194304    3145728
 20.037386    4194304    2883584    4194304    2883584
 20.058220    4194304    2621440    4194304    2621440
 20.079054    4194304    2359296    4194304    2359296
 20.099887    4194304    2097152    4194304    2097152
 20.120721    4194304    1835008    4194304    1835008
 20.141554    4194304    1572864    4194304    1572864
 20.162388    4194304    1310720    4194304    1310720
 20.183221    4194304    1048576    4194304    1048576
 20.204055    4194304     786432    4194304     786432
 20.224888    4194304     524288    4194304     524288
 20.245722    4194304     262144    4194304     262144
 20.266555   -4194304          0   -4194304          0
 20.287389   -4194304     262144   -4194304     262144
 20.308222   -4194304     524288   -4194304     524288
 20.329056   -4194304     786432   -4194304     786432
 20.349890   -4194304    1048576   -4194304    1048576
 20.370723   -4194304    1310720   -4194304    1310720
 20.391557   -4194304    1572864   -4194304    1572864
 20.412390   -4194304    1835008   -4194304    1835008
 20.433224   -4194304    2097152   -4194304    2097152
 20.454057   -4194304    2359296   -4194304    2359296
 20.474891   -4194304    2621440   -4194304    2621440
 20.495724   -4194304    2883584   -4194304    2883584
 20.516558   -4194304    3145728   -4194304    3145728
 20.537391   -4194304    3407872   -4194304    3407872
 20.558225   -4194304    3670016   -4194304    3670016
 20.579058   -4194304    3932160   -4194304    3932160
 20.599892    4194304    4194304    4194304    4194304
 20.620725    4194304    3932160    4194304    3932160
 20.641559    4194304    3670016    4194304    3670016
 20.662393    4194304    3407872    4194304    3407872
 20.683226    4194304    3145728    4194304    3145728
 20.704060    4194304    2883584    4194304    2883584
 20.724893    4194304    2621440    4194304    2621440
 20.788913          0          0          0          0
 20.809746   -1048576          0   -1048576          0
 20.830580   -1048576     131072   -1048576     131072
 20.851413   -1048576     262144   -1048576     262144
 20.872247   -1048576     393216   -1048576     393216
 20.893081   -1048576     524288   -1048576     524288
 20.913914   -1048576     655360   -1048576     655360
 20.934748   -1048576     786432   -1048576     786432
 20.955581   -1048576     917504   -1048576     917504
 20.976415   -1048576    1048576   -1048576    1048576
 20.997248   -1048576    1179648   -1048576    1179648
 21.018082   -1048576    1310720   -1048576    1310720
 21.038915   -1048576    1441792   -1048576    1441792
 21.059749   -1048576    1572864   -1048576    1572864
 21.080582   -1048576    1703936   -1048576    1703936
 21.101416   -1048576    1835008   -1048576    1835008
 21.122249   -1048576    1966080   -1048576    1966080
 21.143083    1048576    2097152    1048576    2097152
 21.163917    1048576    1966080    1048576    1966080
 21.184750    1048576    1835008    1048576    1835008
 21.205584    1048576    1703936    1048576    1703936
 21.226417    1048576    1572864    1048576    1572864
 21.247251    1048576    1441792    1048576    1441792
 21.268084    1048576    1310720    1048576    1310720
 21.288918    1048576    1179648    1048576    1179648
 21.309751    1048576    1048576    1048576    1048576
 21.330585    1048576     917504    1048576     917504
 21.351418    1048576     786432    1048576     786432
 21.372252    1048576     655360    1048576     655360
 21.393085    1048576     524288    1048576     524288
 21.413919    1048576     393216    1048576     393216
 21.434753    1048576     262144    1048576     262144
 21.455586    1048576     131072    1048576     131072
 21.476420   -1048576          0   -1048576          0
 21.497253   -1048576     131072   -1048576     131072
 21.518087   -1048576     262144   -1048576     262144
 21.538920   -1048576     393216   -1048576     393216
 21.559754   -1048576     524288   -1048576     524288
 21.580587   -1048576     655360   -1048576     655360
 21.601421   -1048576     786432   -1048576     786432
 21.622254   -1048576     917504   -1048576     917504
 21.643088   -1048576    1048576   -1048576    1048576
 21.663921   -1048576    1179648   -1048576    1179648
 21.684755   -1048576    1310720   -1048576    1310720
 21.705588   -1048576    1441792   -1048576    1441792
 21.726422   -1048576    1572864   -1048576    1572864
 21.747256   -1048576    1703936   -1048576    1703936
 21.768089   -1048576    1835008   -1048576    1835008
 21.788923   -1048576    1966080   -1048576    1966080
 21.809756    1048576    2097152    1048576    2097152
 21.830590    1048576    1966080    1048576    1966080
 21.851423    1048576    1835008    1048576    1835008
 21.872257    1048576    1703936    1048576    1703936
 21.893090    1048576    1572864    1048576    1572864
 21.913924    1048576    1441792    1048576    1441792
 21.934757    1048576    1310720    1048576    1310720
 21.955591    1048576    1179648    1048576    1179648
 21.976424    1048576    1048576    1048576    1048576
 21.997258    1048576     917504    1048576     917504
 22.018092    1048576     786432    1048576     786432
 22.038925    1048576     655360    1048576     655360
 22.059759    1048576     524288    1048576     524288
 22.080592    1048576     393216    1048576     393216
 22.101426    1048576     262144    1048576     262144
 22.122259    1048576     131072    1048576     131072
 22.143093   -1048576          0   -1048576          0
 22.163926   -1048576     131072   -1048576     131072
 22.184760   -1048576     262144   -1048576     262144
 22.205593   -1048576     393216   -1048576     393216
 22.226427   -1048576     524288   -1048576     524288
 22.247260   -1048576     655360   -1048576     655360
 22.268094   -1048576     786432   -1048576     786432
 22.288927   -1048576     917504   -1048576     917504
 22.309761   -1048576    1048576   -1048576    1048576
 22.330595   -1048576    1179648   -1048576    1179648
 22.351428   -1048576    1310720   -1048576    1310720
 22.372262   -1048576    1441792   -1048576    1441792
 22.393095   -1048576    1572864   -1048576    1572864
 22.413929   -1048576    1703936   -1048576    1703936
 22.434762   -1048576    1835008   -1048576    1835008
 22.455596   -1048576    1966080   -1048576    1966080
 22.476429    1048576    2097152    1048576    2097152
 22.497263    1048576    1966080    1048576    1966080
 22.518096    1048576    1835008    1048576    1835008
 22.538930    1048576    1703936    1048576    1703936
 22.559763    1048576    1572864    1048576    1572864
 22.580597    1048576    1441792    1048576    1441792
 22.601431    1048576    1310720    1048576    1310720
 22.622264    1048576    1179648    1048576    1179648
 22.643098    1048576    1048576    1048576    1048576
 22.663931    1048576     917504    1048576     917504
 22.684765    1048576     786432    1048576     786432
 22.705598    1048576     655360    1048576     655360
 22.726432    1048576     524288    1048576     524288
 22.747265    1048576     393216    1048576     393216
 22.768099    1048576     262144    1048576     262144
 22.788932    1048576     131072    1048576     131072
 22.809766   -1048576          0   -1048576          0
 22.830599   -1048576     131072   -1048576     131072
 22.851433   -1048576     262144   -1048576     262144
 22.872266   -1048576     393216   -1048576     393216
 22.893100   -1048576     524288   -1048576     524288
 22.913934   -1048576     655360   -1048576     655360
 22.934767   -1048576     786432   -1048576     786432
 22.955601   -1048576     917504   -1048576     917504
 22.976434   -1048576    1048576   -1048576    1048576
 22.997268   -1048576    1179648   -1048576    1179648
 23.018101   -1048576    1310720   -1048576    1310720
 23.038935   -1048576    1441792   -1048576    1441792
 23.059768   -1048576    1572864   -1048576    1572864
 23.080602   -1048576    1703936   -1048576    1703936
 23.101435   -1048576    1835008   -1048576    1835008
 23.122269   -1048576    1966080   -1048576    1966080
 23.143102    1048576    2097152    1048576    2097152
 23.163936    1048576    1966080    1048576    1966080
 23.184770    1048576    1835008    1048576    1835008
 23.205603    1048576    1703936    1048576    1703936
 23.226437    1048576    1572864    1048576    1572864
 23.247270    1048576    1441792    1048576    1441792
 23.268104    1048576    1310720    1048576    1310720
 23.288937    1048576    1179648    1048576    1179648
 23.309771    1048576    1048576    1048576    1048576
 23.330604    1048576     917504    1048576     917504
 23.351438    1048576     786432    1048576     786432
 23.372271    1048576     655360    1048576     655360
 23.393105    1048576     524288    1048576     524288
 23.413938    1048576     393216    1048576     393216
 23.434772    1048576     262144    1048576     262144
 23.455605    1048576     131072    1048576     131072
 23.476439   -1048576          0   -1048576          0
 23.497273   -1048576     131072   -1048576     131072
 23.518106   -1048576     262144   -1048576     262144
 23.538940   -1048576     393216   -1048576     393216
 23.559773   -1048576     524288   -1048576     524288
 23.580607   -1048576     655360   -1048576     655360
 23.601440   -1048576     786432   -1048576     786432
 23.622274   -1048576     917504   -1048576     917504
 23.643107   -1048576    1048576   -1048576    1048576
 23.663941   -1048576    1179648   -1048576    1179648
 23.684774   -1048576    1310720   -1048576    1310720
 23.705608   -1048576    1441792   -1048576    1441792
 23.726441   -1048576    1572864   -1048576    1572864
 23.747275   -1048576    1703936   -1048576    1703936
 23.768109   -1048576    1835008   -1048576    1835008
 23.788942   -1048576    1966080   -1048576    1966080
 23.809776    1048576    2097152    1048576    2097152
 23.830609    1048576    1966080    1048576    1966080
 23.851443    1048576    1835008    1048576    1835008
 23.872276    1048576    1703936    1048576    1703936
 23.893110    1048576    1572864    1048576    1572864
 23.913943    1048576    1441792    1048576    1441792
 23.934777    1048576    1310720    1048576    1310720
 23.955610    1048576    1179648    1048576    1179648
 23.976444    1048576    1048576    1048576    1048576
 23.997277    1048576     917504    1048576     917504
 24.018111    1048576     786432    1048576     786432
 24.038945    1048576     655360    1048576     655360
 24.059778    1048576     524288    1048576     524288
 24.080612    1048576     393216    1048576     393216
 24.101445    1048576     262144    1048576     262144
 24.122279    1048576     131072    1048576     131072
 24.143112   -1048576          0   -1048576          0
 24.163946   -1048576     131072   -1048576     131072
 24.184779   -1048576     262144   -1048576     262144
 24.205613   -1048576     393216   -1048576     393216
 24.226446   -1048576     524288   -1048576     524288
 24.247280   -1048576     655360   -1048576     655360
 24.268113   -1048576     786432   -1048576     786432
 24.288947   -1048576     917504   -1048576     917504
 24.309780   -1048576    1048576   -1048576    1048576
 24.330614   -1048576    1179648   -1048576    1179648
 24.351448   -1048576    1310720   -1048576    1310720
 24.372281   -1048576    1441792   -1048576    1441792
 24.393115   -1048576    1572864   -1048576    1572864
 24.413948   -1048576    1703936   -1048576    1703936
 24.434782   -1048576    1835008   -1048576    1835008
 24.455615   -1048576    1966080   -1048576    1966080
 24.476449    1048576    2097152    1048576    2097152
 24.497282    1048576    1966080    1048576    1966080
 24.518116    1048576    1835008    1048576    1835008
 24.538949    1048576    1703936    1048576    1703936
 24.559783    1048576    1572864    1048576    1572864
 24.580616    1048576    1441792    1048576    1441792
 24.601450    1048576    1310720    1048576    1310720
 24.622284    1048576    1179648    1048576    1179648
 24.643117    1048576    1048576    1048576    1048576
 24.663951    1048576     917504    1048576     917504
 24.684784    1048576     786432    1048576     786432
 24.705618    1048576     655360    1048576     655360
 24.726451    1048576     524288    1048576     524288
 24.747285    1048576     393216    1048576     393216
 24.768118    1048576     262144    1048576     262144
 24.788952    1048576     131072    1048576     131072
 24.809785   -1048576          0   -1048576          0
 24.830619   -1048576     131072   -1048576     131072
 24.851452   -1048576     262144   -1048576     262144
 24.872286   -1048576     393216   -1048576     393216
 24.893119   -1048576     524288   -1048576     524288
 24.913953   -1048576     655360   -1048576     655360
 24.934787   -1048576     786432   -1048576     786432
 24.955620   -1048576     917504   -1048576     917504
 24.976454   -1048576    1048576   -1048576    1048576
 24.997287   -1048576    1179648   -1048576    1179648
 25.018121   -1048576    1310720   -1048576    1310720
 25.038954   -1048576    1441792   -1048576    1441792
 25.059788   -1048576    1572864   -1048576    1572864
 25.080621   -1048576    1703936   -1048576    1703936
 25.101455   -1048576    1835008   -1048576    1835008
 25.122288   -1048576    1966080   -1048576    1966080
 25.143122    1048576    2097152    1048576    2097152
 25.163955    1048576    1966080    1048576    1966080
 25.184789    1048576    1835008    1048576    1835008
 25.205623    1048576    1703936    1048576    1703936
 25.226456    1048576    1572864    1048576    1572864
 25.247290    1048576    1441792    1048576    1441792
 25.268123    1048576    1310720    1048576    1310720
 25.288957    1048576    1179648    1048576    1179648
 25.309790    1048576    1048576    1048576    1048576
 25.330624    1048576     917504    1048576     917504
 25.351457    1048576     786432    1048576     786432
 25.372291    1048576     655360    1048576     655360
 25.393124    1048576     524288    1048576     524288
 25.413958    1048576     393216    1048576     393216
 25.434791    1048576     262144    1048576     262144
 25.455625    1048576     131072    1048576     131072
 25.476458   -1048576          0   -1048576          0
 25.497292   -1048576     131072   -1048576     131072
 25.518126   -1048576     262144   -1048576     262144
 25.538959   -1048576     393216   -1048576     393216
 25.559793   -1048576     524288   -1048576     524288
 25.580626   -1048576     655360   -1048576     655360
 25.601460   -1048576     786432   -1048576     786432
 25.622293   -1048576     917504   -1048576     917504
 25.643127   -1048576    1048576   -1048576    1048576
 25.663960   -1048576    1179648   -1048576    1179648
 25.684794   -1048576    1310720   -1048576    1310720
 25.705627   -1048576    1441792   -1048576    1441792
 25.726461   -1048576    1572864   -1048576    1572864
 25.747294   -1048576    1703936   -1048576    1703936
 25.768128   -1048576    1835008   -1048576    1835008
 25.788962   -1048576    1966080   -1048576    1966080
 25.809795    1048576    2097152    1048576    2097152
 25.830629    1048576    1966080    1048576    1966080
 25.851462    1048576    1835008    1048576    1835008
 25.872296    1048576    1703936    1048576    1703936
 25.893129    1048576    1572864    1048576    1572864
 25.913963    1048576    1441792    1048576    1441792
 25.934796    1048576    1310720    1048576    1310720
 25.955630    1048576    1179648    1048576    1179648
 25.976463    1048576    1048576    1048576    1048576
 25.997297    1048576     917504    1048576     917504
 26.018130    1048576     786432    1048576     786432
 26.038964    1048576     655360    1048576     655360
 26.059797    1048576     524288    1048576     524288
 26.080631    1048576     393216    1048576     393216
 26.101465    1048576     262144    1048576     262144
 26.122298    1048576     131072    1048576     131072
 26.143132   -1048576          0   -1048576          0
 26.163965   -1048576     131072   -1048576     131072
 26.184799   -1048576     262144   -1048576     262144
 26.205632   -1048576     393216   -1048576     393216
 26.226466   -1048576     524288   -1048576     524288
 26.247299   -1048576     655360   -1048576     655360
 26.268133   -1048576     786432   -1048576     786432
 26.288966   -1048576     917504   -1048576     917504
 26.309800   -1048576    1048576   -1048576    1048576
 26.330633   -1048576    1179648   -1048576    1179648
 26.351467   -1048576    1310720   -1048576    1310720
 26.372301   -1048576    1441792   -1048576    1441792
 26.393134   -1048576    1572864   -1048576    1572864
 26.413968   -1048576    1703936   -1048576    1703936
 26.434801   -1048576    1835008   -1048576    1835008
 26.455635   -1048576    1966080   -1048576    1966080
 26.476468    1048576    2097152    1048576    2097152
 26.497302    1048576    1966080    1048576    1966080
 26.518135    1048576    1835008    1048576    1835008
 26.538969    1048576    1703936    1048576    1703936
 26.559802    1048576    1572864    1048576    1572864
 26.580636    1048576    1441792    1048576    1441792
 26.601469    1048576    1310720    1048576    1310720
 26.622303    1048576    1179648    1048576    1179648
 26.643137    1048576    1048576    1048576    1048576
 26.663970    1048576     917504    1048576     917504
 26.684804    1048576     786432    1048576     786432
 26.705637    1048576     655360    1048576     655360
 26.726471    1048576     524288    1048576     524288
 26.747304    1048576     393216    1048576     393216
 26.768138    1048576     262144    1048576     262144
 26.788971    1048576     131072    1048576     131072
 26.809805   -1048576          0   -1048576          0
 26.830638   -1048576     131072   -1048576     131072
 26.851472   -1048576     262144   -1048576     262144
 26.872305   -1048576     393216   -1048576     393216
 26.893139   -1048576     524288   -1048576     524288
 26.913972   -1048576     655360   -1048576     655360
 26.934806   -1048576     786432   -1048576     786432
 26.955640   -1048576     917504   -1048576     917504
 26.976473   -1048576    1048576   -1048576    1048576
 26.997307   -1048576    1179648   -1048576    1179648
 27.018140   -1048576    1310720   -1048576    1310720
 27.038974   -1048576    1441792   -1048576    1441792
 27.059807   -1048576    1572864   -1048576    1572864
 27.080641   -1048576    1703936   -1048576    1703936
 27.101474   -1048576    1835008   -1048576    1835008
 27.122308   -1048576    1966080   -1048576    1966080
 27.143141    1048576    2097152    1048576    2097152
 27.163975    1048576    1966080    1048576    1966080
 27.184808    1048576    1835008    1048576    1835008
 27.205642    1048576    1703936    1048576    1703936
 27.226476    1048576    1572864    1048576    1572864
 27.247309    1048576    1441792    1048576    1441792
 27.268143    1048576    1310720    1048576    1310720
 27.288976    1048576    1179648    1048576    1179648
 27.309810    1048576    1048576    1048576    1048576
 27.330643    1048576     917504    1048576     917504
 27.351477    1048576     786432    1048576     786432
 27.372310    1048576     655360    1048576     655360
 27.393144    1048576     524288    1048576     524288
 27.413977    1048576     393216    1048576     393216
 27.434811    1048576     262144    1048576     262144
 27.455644    1048576     131072    1048576     131072
 27.476478   -1048576          0   -1048576          0
 27.497311   -1048576     131072   -1048576     131072
 27.518145   -1048576     262144   -1048576     262144
 27.538979   -1048576     393216   -1048576     393216
 27.559812   -1048576     524288   -1048576     524288
 27.580646   -1048576     655360   -1048576     655360
 27.601479   -1048576     786432   -1048576     786432
 27.622313   -1048576     917504   -1048576     917504
 27.643146   -1048576    1048576   -1048576    1048576
 27.663980   -1048576    1179648   -1048576    1179648
 27.684813   -1048576    1310720   -1048576    1310720
 27.705647   -1048576    1441792   -1048576    1441792
 27.726480   -1048576    1572864   -1048576    1572864
 27.747314   -1048576    1703936   -1048576    1703936
 27.768147   -1048576    1835008   -1048576    1835008
 27.788981   -1048576    1966080   -1048576    1966080
 27.809815    1048576    2097152    1048576    2097152
 27.830648    1048576    1966080    1048576    1966080
 27.851482    1048576    1835008    1048576    1835008
 27.872315    1048576    1703936    1048576    1703936
 27.893149    1048576    1572864    1048576    1572864
 27.913982    1048576    1441792    1048576    1441792
 27.934816    1048576    1310720    1048576    1310720
 27.955649    1048576    1179648    1048576    1179648
 27.976483    1048576    1048576    1048576    1048576
 27.997316    1048576     917504    1048576     917504
 28.018150    1048576     786432    1048576     786432
 28.038983    1048576     655360    1048576     655360
 28.059817    1048576     524288    1048576     524288
 28.080650    1048576     393216    1048576     393216
 28.101484    1048576     262144    1048576     262144
 28.122318    1048576     131072    1048576     131072
 28.143151   -1048576          0   -1048576          0
 28.163985   -1048576     131072   -1048576     131072
 28.184818   -1048576     262144   -1048576     262144
 28.205652   -1048576     393216   -1048576     393216
 28.226485   -1048576     524288   -1048576     524288
 28.247319   -1048576     655360   -1048576     655360
 28.268152   -1048576     786432   -1048576     786432
 28.288986   -1048576     917504   -1048576     917504
 28.309819   -1048576    1048576   -1048576    1048576
 28.330653   -1048576    1179648   -1048576    1179648
 28.351486   -1048576    1310720   -1048576    1310720
 28.372320   -1048576    1441792   -1048576    1441792
 28.393154   -1048576    1572864   -1048576    1572864
 28.413987   -1048576    1703936   -1048576    1703936
 28.434821   -1048576    1835008   -1048576    1835008
 28.455654   -1048576    1966080   -1048576    1966080
 28.476488    1048576    2097152    1048576    2097152
 28.497321    1048576    1966080    1048576    1966080
 28.518155    1048576    1835008    1048576    1835008
 28.538988    1048576    1703936    1048576    1703936
 28.559822    1048576    1572864    1048576    1572864
 28.580655    1048576    1441792    1048576    1441792
 28.601489    1048576    1310720    1048576    1310720
 28.622322    1048576    1179648    1048576    1179648
 28.643156    1048576    1048576    1048576    1048576
 28.663989    1048576     917504    1048576     917504
 28.684823    1048576     786432    1048576     786432
 28.705657    1048576     655360    1048576     655360
 28.726490    1048576     524288    1048576     524288
 28.747324    1048576     393216    1048576     393216
 28.768157    1048576     262144    1048576     262144
 28.788991    1048576     131072    1048576     131072
 28.809824   -1048576          0   -1048576          0
 28.830658   -1048576     131072   -1048576     131072
 28.851491   -1048576     262144   -1048576     262144
 28.872325   -1048576     393216   -1048576     393216
 28.893158   -1048576     524288   -1048576     524288
 28.913992   -1048576     655360   -1048576     655360
 28.934825   -1048576     786432   -1048576     786432
 28.955659   -1048576     917504   -1048576     917504
 28.976493   -1048576    1048576   -1048576    1048576
 28.997326   -1048576    1179648   -1048576    1179648
 29.018160   -1048576    1310720   -1048576    1310720
 29.038993   -1048576    1441792   -1048576    1441792
 29.059827   -1048576    1572864   -1048576    1572864
 29.080660   -1048576    1703936   -1048576    1703936
 29.101494   -1048576    1835008   -1048576    1835008
 29.122327   -1048576    1966080   -1048576    1966080
 29.143161    1048576    2097152    1048576    2097152
 29.163994    1048576    1966080    1048576    1966080
 29.184828    1048576    1835008    1048576    1835008
 29.205661    1048576    1703936    1048576    1703936
 29.226495    1048576    1572864    1048576    1572864
 29.247329    1048576    1441792    1048576    1441792
 29.268162    1048576    1310720    1048576    1310720
 29.288996    1048576    1179648    1048576    1179648
 29.309829    1048576    1048576    1048576    1048576
 29.330663    1048576     917504    1048576     917504
 29.351496    1048576     786432    1048576     786432
 29.372330    1048576     655360    1048576     655360
 29.393163    1048576     524288    1048576     524288
 29.413997    1048576     393216    1048576     393216
 29.434830    1048576     262144    1048576     262144
 29.455664    1048576     131072    1048576     131072
 29.476497   -1048576          0   -1048576          0
 29.497331   -1048576     131072   -1048576     131072
 29.518164   -1048576     262144   -1048576     262144
 29.538998   -1048576     393216   -1048576     393216
 29.559832   -1048576     524288   -1048576     524288
 29.580665   -1048576     655360   -1048576     655360
 29.601499   -1048576     786432   -1048576     786432
 29.622332   -1048576     917504   -1048576     917504
 29.643166   -1048576    1048576   -1048576    1048576
 29.663999   -1048576    1179648   -1048576    1179648
 29.684833   -1048576    1310720   -1048576    1310720
 29.705666   -1048576    1441792   -1048576    1441792
 29.726500   -1048576    1572864   -1048576    1572864
 29.747333   -1048576    1703936   -1048576    1703936
 29.768167   -1048576    1835008   -1048576    1835008
 29.789000   -1048576    1966080   -1048576    1966080
 29.809834    1048576    2097152    1048576    2097152
 29.830668    1048576    1966080    1048576    1966080
 29.851501    1048576    1835008    1048576    1835008
 29.872335    1048576    1703936    1048576    1703936
 29.893168    1048576    1572864    1048576    1572864
 29.914002    1048576    1441792    1048576    1441792
 29.934835    1048576    1310720    1048576    1310720
 29.955669    1048576    1179648    1048576    1179648
 29.976502    1048576    1048576    1048576    1048576
 29.997336    1048576     917504    1048576     917504
 30.018169    1048576     786432    1048576     786432
 30.039003    1048576     655360    1048576     655360
 30.059836    1048576     524288    1048576     524288
 30.080670    1048576     393216    1048576     393216
 30.101503    1048576     262144    1048576     262144
 30.122337    1048576     131072    1048576     131072
 30.143171   -1048576          0   -1048576          0
 30.164004   -1048576     131072   -1048576     131072
 30.184838   -1048576     262144   -1048576     262144
 30.205671   -1048576     393216   -1048576     393216
 30.226505   -1048576     524288   -1048576     524288
 30.247338   -1048576     655360   -1048576     655360
 30.268172   -1048576     786432   -1048576     786432
 30.289005   -1048576     917504   -1048576     917504
 30.309839   -1048576    1048576   -1048576    1048576
 30.330672   -1048576    1179648   -1048576    1179648
 30.351506   -1048576    1310720   -1048576    1310720
 30.372339   -1048576    1441792   -1048576    1441792
 30.393173   -1048576    1572864   -1048576    1572864
 30.414007   -1048576    1703936   -1048576    1703936
 30.434840   -1048576    1835008   -1048576    1835008
 30.455674   -1048576    1966080   -1048576    1966080
 30.476507    1048576    2097152    1048576    2097152
 30.497341    1048576    1966080    1048576    1966080
 30.518174    1048576    1835008    1048576    1835008
 30.539008    1048576    1703936    1048576    1703936
 30.559841    1048576    1572864    1048576    1572864
 30.580675    1048576    1441792    1048576    1441792
 30.601508    1048576    1310720    1048576    1310720
 30.622342    1048576    1179648    1048576    1179648
 30.643175    1048576    1048576    1048576    1048576
 30.664009    1048576     917504    1048576     917504
 30.684842    1048576     786432    1048576     786432
 30.705676    1048576     655360    1048576     655360
 30.726510    1048576     524288    1048576     524288
 30.747343    1048576     393216    1048576     393216
 30.768177    1048576     262144    1048576     262144
 30.789010    1048576     131072    1048576     131072
 30.809844   -1048576          0   -1048576          0
 30.830677   -1048576     131072   -1048576     131072
 30.851511   -1048576     262144   -1048576     262144
 30.872344   -1048576     393216   -1048576     393216
 30.893178   -1048576     524288   -1048576     524288
 30.914011   -1048576     655360   -1048576     655360
 30.934845   -1048576     786432   -1048576     786432
 30.955678   -1048576     917504   -1048576     917504
 30.976512   -1048576    1048576   -1048576    1048576
 30.997346   -1048576    1179648   -1048576    1179648
 31.018179   -1048576    1310720   -1048576    1310720
 31.039013   -1048576    1441792   -1048576    1441792
 31.059846   -1048576    1572864   -1048576    1572864
 31.080680   -1048576    1703936   -1048576    1703936
 31.101513   -1048576    1835008   -1048576    1835008
